     CD       T1-61.0 m/s-VLM1    
   0.01142354        -0.2426805  
   0.01124505        -0.2342526  
   0.01107198        -0.2258225  
   0.01090438        -0.2173901  
   0.01074257        -0.2089557  
   0.01058662        -0.2005192  
   0.01043681        -0.1920807  
   0.01029385        -0.1836403  
   0.01015653         -0.175198  
   0.01002464        -0.1667538  
  0.009898241        -0.1583078  
  0.009777633        -0.1498601  
  0.009663023        -0.1414107  
  0.009555018        -0.1329597  
  0.009453622        -0.1245072  
   0.00935768        -0.1160531  
   0.00926722        -0.1075975  
  0.009182244       -0.09914051  
  0.009103029       -0.09068218  
   0.00903005       -0.08222255  
  0.008964187       -0.07376168  
  0.008904359       -0.06529961  
  0.008850005        -0.0568364  
  0.008801167       -0.04837211  
  0.008757848       -0.03990679  
  0.008720215        -0.0314405  
  0.008689216       -0.02297329  
  0.008665619       -0.01450521  
   0.00864756      -0.006036326  
  0.008635007       0.002433317  
  0.008627964        0.01090366  
  0.008626435        0.01937465  
  0.008630492        0.02784623  
  0.008641983        0.03631835  
  0.008660182        0.04479096  
   0.00868391        0.05326398  
  0.008713167        0.06173739  
  0.008747959        0.07021111  
  0.008788286        0.07868509  
  0.008834151        0.08715928  
  0.008887933        0.09563363  
  0.008947884         0.1041081  
  0.009013428         0.1125826  
  0.009084537          0.121057  
   0.00916121         0.1295314  
  0.009243439         0.1380057  
  0.009331602         0.1464798  
  0.009427342         0.1549537  
  0.009528957         0.1634273  
  0.009636176         0.1719006  
  0.009748997         0.1803735  
  0.009867377         0.1888459  
  0.009991338         0.1973178  
   0.01012188         0.2057891  
   0.01025924         0.2142599  
   0.01040248         0.2227299  
   0.01055134         0.2311993  
   0.01070578         0.2396678  
   0.01086579         0.2481355  
   0.01103157         0.2566024  
   0.01120422         0.2650683  
   0.01138313         0.2735332  
   0.01156796          0.281997  
   0.01175837         0.2904597  
   0.01195437         0.2989213  
   0.01215592         0.3073816  
   0.01236373         0.3158407  
   0.01257815         0.3242984  
   0.01279863         0.3327548  
   0.01302502         0.3412097  
     0.013257         0.3496632  
   0.01349452          0.358115  
   0.01373776         0.3665653  
    0.0139875          0.375014  
    0.0142433         0.3834609  
   0.01450504          0.391906  
   0.01477258         0.4003493  
   0.01504576         0.4087908  
   0.01532443         0.4172303  
   0.01560916         0.4256678  
   0.01590014         0.4341033  
   0.01619701         0.4425368  
   0.01649972          0.450968  
    0.0168081         0.4593971  
   0.01712215         0.4678239  
   0.01741298         0.4762483  
   0.01770528         0.4846705  
   0.01798785         0.4930902  
   0.01825874         0.5015074  
   0.01851655         0.5099221  
   0.01886388         0.5183342  
   0.01921679         0.5267437  
   0.01957557         0.5351504  
   0.01994034         0.5435545  
   0.02031085         0.5519557  
   0.02068708         0.5603541  
    0.0210689         0.5687496  
   0.02145621         0.5771421  
   0.02184915         0.5855316  
   0.02265344         0.6023013  
   0.02306433         0.6106815  
    0.0234807         0.6190584  
   0.02390309          0.627432  
   0.02433093         0.6358022  
   0.02476523         0.6441691  
   0.02520561         0.6525326  
   0.02565162         0.6608925  
   0.02610307         0.6692489  
   0.02655995         0.6776017  
   0.02702222         0.6859508  
   0.02749012         0.6942962  
   0.02796394         0.7026379  
   0.02844348         0.7109757  
   0.02892822         0.7193096  
   0.02941833         0.7276397  
   0.02991369         0.7359657  
   0.03041454         0.7442877  
   0.03092105         0.7526057  
   0.03143333         0.7609195  
   0.03195094         0.7692291  
   0.03247395         0.7775344  
   0.03300226         0.7858355  
   0.03353572         0.7941322  
   0.03407466         0.8024246  
   0.03461938         0.8107124  
   0.03516955         0.8189958  
   0.03572517         0.8272746  
   0.03628592         0.8355488  
   0.03685184         0.8438183  
   0.03742258         0.8520832  
   0.03799907         0.8603432  
   0.03858107         0.8685985  
   0.03916822         0.8768489  
   0.03976147         0.8850943  
    0.0403594         0.8933348  
    0.0409628         0.9015703  
   0.04157128         0.9098006  
   0.04218616         0.9180259  
    0.0428062          0.926246  
   0.04343133         0.9344608  
   0.04406244         0.9426704  
   0.04469902         0.9508746  
   0.04534072         0.9590735  
   0.04598756         0.9672669  
   0.04664001         0.9754548  
   0.04729786         0.9836372  
   0.04796113          0.991814  
   0.04862994         0.9999852  
   0.04930382          1.008151  
   0.04998402           1.01631  
   0.05066966          1.024464  
   0.05136064          1.032612  
   0.05205713          1.040755  
   0.05275878          1.048891  
   0.05346501          1.057021  
   0.05417701          1.065146  
   0.05489549          1.073264  
   0.05561911          1.081376  
   0.05634786          1.089482  
   0.05708099          1.097581  
   0.05781949          1.105675  
   0.05856238          1.113762  
   0.05931111          1.121842  
   0.06006494          1.129916  
   0.06082472          1.137984  
   0.06158968          1.146045  
   0.06235923            1.1541  
   0.06313314          1.162148  
   0.06391279          1.170189  
   0.06469867          1.178223  
   0.06548946          1.186251  
   0.06628412          1.194272  
   0.06708349          1.202286  
   0.06788823          1.210293  
   0.06869854          1.218294  
    0.0695146          1.226287  
   0.07033559          1.234273  
   0.07116164          1.242252  
   0.07199362          1.250224  
   0.07283063          1.258188  
   0.07367249          1.266146  
   0.07451889          1.274096  
   0.07537135          1.282038  
   0.07623117          1.289974  
   0.07709607          1.297902  
   0.07796442          1.305822  
   0.07883781          1.313735  
    0.0797166           1.32164  
   0.08060381          1.329538  
   0.08149718          1.337428  
   0.08239625           1.34531  
   0.08329924          1.353185  
   0.08421024          1.361051  
   0.08512952           1.36891  
   0.08605533          1.376761  
   0.08698747          1.384604  
   0.08792385          1.392439  
    0.0888691          1.400266  
   0.09077731          1.415896  
    0.0927088          1.431492  
   0.09467356          1.447056  
   0.09666193          1.462587  
   0.09868349          1.478084  
    0.1007308          1.493546  
    0.1028095          1.508974  
    0.1049324          1.524368  
    0.1070789          1.539726  
    0.1092764          1.555049  
    0.1115158          1.570336  
    0.1138072          1.585586  
    0.1161618          1.600801  
    0.1185792          1.615978  
    0.1210847          1.631118  
    0.1236998          1.646221  
    0.1264432          1.661286  
    0.1293722          1.676313  
    0.1326497          1.691301  

  0.13512633        1.7066186
  0.13765458        1.7219363
  0.14023445        1.7372539
  0.14286593        1.7525715
  0.14554904        1.7678892
  0.14828376        1.7832068
  0.15107010        1.7985244
  0.15390806        1.8138421
  0.15679764        1.8291597
  0.15973884        1.8444773
  0.16273165        1.8597949
  0.16577609        1.8751126
  0.16887214        1.8904302
  0.17201981        1.9057478
  0.17521910        1.9210655
  0.17847001        1.9363831
  0.18177254        1.9517007
  0.18512669        1.9670184
  0.18853245        1.9823360
  0.19198983        1.9976536
  0.19549884        2.0129713
  0.19905946        2.0282889
  0.20267169        2.0436065
  0.20633555        2.0589242
  0.21005103        2.0742418
  0.21381812        2.0895594
  0.21763684        2.1048771
  0.22150717        2.1201947
  0.22542912        2.1355123
  0.22940269        2.1508299
  0.23342787        2.1661476
  0.23750468        2.1814652
  0.24163310        2.1967828
  0.24581315        2.2121005
  0.25004481        2.2274181
  0.25432809        2.2427357
  0.25866299        2.2580534
  0.26304950        2.2733710
  0.26748764        2.2886886
  0.27197739        2.3040063
  0.27651877        2.3193239
  0.28111176        2.3346415
  0.28575637        2.3499592
  0.29045260        2.3652768
  0.29520044        2.3805944
  0.29999991        2.3959121
  0.30485099        2.4112297
  0.30975370        2.4265473
  0.31470802        2.4418649
  0.31971396        2.4571826
  0.32477152        2.4725002
  0.32988069        2.4878178
  0.33504149        2.5031355
  0.34025390        2.5184531
  0.34551794        2.5337707
  0.35083359        2.5490884
  0.35620086        2.5644060
  0.36161975        2.5797236
  0.36709025        2.5950413
  0.37261238        2.6103589
  0.37818612        2.6256765
  0.38381149        2.6409942
  0.38948847        2.6563118
  0.39521707        2.6716294
  0.40099729        2.6869471
  0.40682912        2.7022647
  0.41271258        2.7175823
  0.41864765        2.7328999
  0.42463434        2.7482176
  0.43067266        2.7635352
  0.43676259        2.7788528
  0.44290413        2.7941705
  0.44909730        2.8094881
  0.45534209        2.8248057
  0.46163849        2.8401234
  0.46798651        2.8554410
  0.47438615        2.8707586
  0.48083741        2.8860763
  0.48734029        2.9013939
  0.49389479        2.9167115
  0.50050091        2.9320292
  0.50715864        2.9473468
  0.51386799        2.9626644
  0.52062896        2.9779821
  0.53043778        3.0000000