     Alpha       T1-61.0 m/s-VLM1         Alpha       T1-61.0 m/s-VLM1         Alpha       T1-61.0 m/s-VLM1    
          -10        -0.2426805            -10         0.3069109            -10          1.151706  
         -9.8        -0.2258225           -9.8          0.324075           -9.8           1.16875  
         -9.6        -0.2089557           -9.6         0.3412362           -9.6          1.185774  
         -9.4        -0.1920807           -9.4         0.3583941           -9.4          1.202776  
         -9.2         -0.175198           -9.2         0.3755482           -9.2          1.219757  
           -9        -0.1583078             -9          0.392698             -9          1.236715  
         -8.8        -0.1414107           -8.8         0.4098432           -8.8           1.25365  
         -8.6        -0.1245072           -8.6         0.4269833           -8.6          1.270563  
         -8.4        -0.1075975           -8.4         0.4441177           -8.4          1.287452  
         -8.2       -0.09068218           -8.2         0.4612462           -8.2          1.304316  
           -8       -0.07376168             -8         0.4783682             -8          1.321157  
         -7.8        -0.0568364           -7.8         0.4954833           -7.8          1.337972  
         -7.6       -0.03990679           -7.6          0.512591           -7.6          1.354763  
         -7.4       -0.02297329           -7.4         0.5296909           -7.4          1.371527  
         -7.2      -0.006036326           -7.2         0.5467826           -7.2          1.388266  
           -7        0.01090366             -7         0.5638656             -7          1.404977  
         -6.8        0.02784623           -6.8         0.5809394           -6.8          1.421662  
         -6.6        0.04479096           -6.6         0.5980036           -6.6          1.438319  
         -6.4        0.06173739           -6.4         0.6150578           -6.4          1.454949  
         -6.2        0.07868509           -6.2         0.6321015           -6.2           1.47155  
           -6        0.09563363             -6         0.6491343             -6          1.488122  
         -5.8         0.1125826           -5.8         0.6661557           -5.8          1.504666  
         -5.6         0.1295314           -5.6         0.6831653           -5.6          1.521179  
         -5.4         0.1464798           -5.4         0.7001626           -5.4          1.537663  
         -5.2         0.1634273           -5.2         0.7171473           -5.2          1.554116  
           -5         0.1803735             -5         0.7341188             -5          1.570539  
         -4.8         0.1973178           -4.8         0.7510767           -4.8           1.58693  
         -4.6         0.2142599           -4.6         0.7680206           -4.6           1.60329  
         -4.4         0.2311993           -4.4         0.7849501           -4.4          1.619617  
         -4.2         0.2481355           -4.2         0.8018647           -4.2          1.635913  
           -4         0.2650683             -4         0.8187639             -4          1.652175  
         -3.8          0.281997           -3.8         0.8356473           -3.8          1.668404  
         -3.6         0.2989213           -3.6         0.8525146           -3.6          1.684599  
         -3.4         0.3158407           -3.4         0.8693652           -3.4          1.700761  
         -3.2         0.3327548           -3.2         0.8861987           -3.2          1.716888  
           -3         0.3496632             -3         0.9030147             -3           1.73298  
         -2.8         0.3665653           -2.8         0.9198128           -2.8          1.749036  
         -2.6         0.3834609           -2.6         0.9365924           -2.6          1.765057  
         -2.4         0.4003493           -2.4         0.9533533           -2.4          1.781042  
         -2.2         0.4172303           -2.2          0.970095           -2.2          1.796991  
           -2         0.4341033             -2          0.986817             -2          1.812903  
         -1.8          0.450968           -1.8          1.003519           -1.8          1.828778  
         -1.6         0.4678239           -1.6            1.0202           -1.6          1.844615  
         -1.4         0.4846705           -1.4          1.036861           -1.4          1.860414  
         -1.2         0.5015074           -1.2            1.0535           -1.2          1.876174  
           -1         0.5183342             -1          1.070117             -1          1.891896  
         -0.8         0.5351504           -0.8          1.086712           -0.8          1.907579  
         -0.6         0.5519557           -0.6          1.103284           -0.6          1.923223  
         -0.4         0.5687496           -0.4          1.119834           -0.4          1.938826  
         -0.2         0.5855316           -0.2           1.13636           -0.2           1.95439  
            0         0.6023013              0          1.152862              0          1.969913  
          0.2         0.6190584            0.2          1.169339                                   
          0.4         0.6358022            0.4          1.185792                                   
          0.6         0.6525326            0.6           1.20222                                   
          0.8         0.6692489            0.8          1.218623                                   
            1         0.6859508              1          1.234999                                   
          1.2         0.7026379            1.2          1.251349                                   
          1.4         0.7193096            1.4          1.267672                                   
          1.6         0.7359657            1.6          1.283968                                   
          1.8         0.7526057            1.8          1.300237                                   
            2         0.7692291              2          1.316478                                   
          2.2         0.7858355            2.2           1.33269                                   
          2.4         0.8024246            2.4          1.348873                                   
          2.6         0.8189958            2.6          1.365028                                   
          2.8         0.8355488            2.8          1.381152                                   
            3         0.8520832              3          1.397247                                   
          3.2         0.8685985            3.2          1.413312                                   
          3.4         0.8850943            3.4          1.429345                                   
          3.6         0.9015703            3.6          1.445348                                   
          3.8         0.9180259            3.8          1.461319                                   
            4         0.9344608              4          1.477258                                   
          4.2         0.9508746            4.2          1.493165                                   
          4.4         0.9672669            4.4           1.50904                                   
          4.6         0.9836372            4.6          1.524881                                   
          4.8         0.9999852            4.8          1.540689                                   
            5           1.01631              5          1.556463                                   
          5.2          1.032612            5.2          1.572203                                   
          5.4          1.048891            5.4          1.587909                                   
          5.6          1.065146            5.6          1.603579                                   
          5.8          1.081376            5.8          1.619215                                   
            6          1.097581              6          1.634814                                   
          6.2          1.113762            6.2          1.650378                                   
          6.4          1.129916            6.4          1.665906                                   
          6.6          1.146045            6.6          1.681397                                   
          6.8          1.162148            6.8           1.69685                                   
            7          1.178223              7          1.712267                                   
          7.2          1.194272            7.2          1.727646                                   
          7.4          1.210293            7.4          1.742986                                   
          7.6          1.226287            7.6          1.758288                                   
          7.8          1.242252            7.8          1.773552                                   
            8          1.258188              8          1.788776                                   
          8.2          1.274096            8.2          1.803961                                   
          8.4          1.289974            8.4          1.819106                                   
          8.6          1.305822            8.6          1.834211                                   
          8.8           1.32164                                                                    
            9          1.337428                                                                    
          9.2          1.353185                                                                    
          9.4           1.36891                                                                    
          9.6          1.384604                                                                    
          9.8          1.400266                                                                    
           10          1.415896                                                                    
         10.2          1.431492                                                                    
         10.4          1.447056                                                                    
         10.6          1.462587                                                                    
         10.8          1.478084                                                                    
           11          1.493546                                                                    
         11.2          1.508974                                                                    
         11.4          1.524368                                                                    
         11.6          1.539726                                                                    
         11.8          1.555049                                                                    
           12          1.570336                                                                    
         12.2          1.585586                                                                    
         12.4          1.600801                                                                    
         12.6          1.615978                                                                    
         12.8          1.631118                                                                    
           13          1.646221                                                                    
         13.2          1.661286                                                                    
         13.4          1.676313                                                                    
         13.6          1.691301                                                                    

